78964	78965
78964	78966
78964	78985
78964	86237
78964	86238
78964	86239
78964	87873
78964	94560
78964	95068
78964	95551
78964	95552
78964	95580
78964	96070
78964	97354
78964	100181
78964	100697
78956	66244
78956	66281
78956	66909
78956	68156
78956	68946
78956	68947
78956	68948
78956	68949
78956	70622
78956	77284
78956	78952
78956	78953
78956	78954
78956	78955
78956	78957
78956	78958
78956	78959
78956	86237
78956	86238
78956	86239
78956	87865
78956	94560
78956	95068
78956	95551
78956	95552
78956	95580
78956	96070
78956	97347
78956	100181
78956	100697
78963	66244
78963	66281
78963	66909
78963	68550
78963	68946
78963	68947
78963	68948
78963	68949
78963	70629
78963	77284
78963	78961
78963	78962
78963	78964
78963	78965
78963	78966
78963	78987
78963	79001
78963	79041
78963	79066
78963	86237
78963	86238
78963	86239
78963	87872
78963	94560
78963	95068
78963	95551
78963	95552
78963	95580
78963	96070
78963	97353
78963	100181
78963	100697
95068	66244
95068	66281
95068	66909
95068	68946
95068	68947
95068	68948
95068	68949
95068	77284
95068	86237
95068	86238
95068	86239
95068	94560
95068	95551
95068	95552
95068	95580
95068	96070
95068	100181
95068	100697
78968	66244
78968	66281
78968	66909
78968	68946
78968	68947
78968	68948
78968	68949
78968	70634
78968	77284
78968	78967
78968	78969
78968	86237
78968	86238
78968	86239
78968	87877
78968	94560
78968	95068
78968	95551
78968	95552
78968	95580
78968	96070
78968	97358
78968	100181
78968	100697
78965	66244
78965	66281
78965	66909
78965	68462
78965	68946
78965	68947
78965	68948
78965	68949
78965	70631
78965	77284
78965	78961
78965	78962
78965	78963
78965	78964
78965	78966
78965	79004
78965	86237
78965	86238
78965	86239
78965	87874
78965	94560
78965	95068
78965	95551
78965	95552
78965	95580
78965	96070
78965	97355
78965	100181
78965	100697
78957	66244
78957	66281
78957	66909
78957	68742
78957	68946
78957	68947
78957	68948
78957	68949
78957	70623
78957	77284
78957	78952
78957	78953
78957	78954
78957	78955
78957	78956
78957	78958
78957	78959
78957	79607
78957	79660
78957	79699
78957	79702
78957	86237
78957	86238
78957	86239
78957	87866
78957	94560
78957	95068
78957	95551
78957	95552
78957	95580
78957	96070
78957	97348
78957	100181
78957	100697
95580	66244
95580	66281
95580	66909
95580	68946
95580	68947
95580	68948
95580	68949
95580	77284
95580	86237
95580	86238
95580	86239
95580	94560
95580	95068
95580	95551
95580	95552
95580	96070
95580	100181
95580	100697
78966	66244
78966	66281
78966	66909
78966	68474
78966	68946
78966	68947
78966	68948
78966	68949
78966	70632
78966	77284
78966	78961
78966	78962
78966	78963
78966	78964
78966	78965
78966	79022
78966	79054
78966	86237
78966	86238
78966	86239
78966	87875
78966	94560
78966	95068
78966	95551
78966	95552
78966	95580
78966	96070
78966	97356
78966	100181
78966	100697
78959	66244
78959	66281
78959	66909
78959	67650
78959	68946
78959	68947
78959	68948
78959	68949
78959	70625
78959	77284
78959	78952
78959	78953
78959	78954
78959	78955
78959	78956
78959	78957
78959	78958
78959	79008
78959	79311
78959	79377
78959	79742
78959	86237
78959	86238
78959	86239
78959	87868
78959	94560
78959	95068
78959	95551
78959	95552
78959	95580
78959	96070
78959	97350
78959	100181
78959	100697
78954	66244
78954	66281
78954	66909
78954	68546
78954	68946
78954	68947
78954	68948
78954	68949
78954	70620
78954	77284
78954	78952
78954	78953
78954	78955
78954	78956
78954	78957
78954	78958
78954	78959
78954	86237
78954	86238
78954	86239
78954	87863
78954	94560
78954	95068
78954	95551
78954	95552
78954	95580
78954	96070
78954	97345
78954	100181
78954	100697
78952	66244
78952	66281
78952	66909
78952	67668
78952	68946
78952	68947
78952	68948
78952	68949
78952	70618
78952	77284
78952	78953
78952	78954
78952	78955
78952	78956
78952	78957
78952	78958
78952	78959
78952	79070
78952	86237
78952	86238
78952	86239
78952	87861
78952	94560
78952	95068
78952	95551
78952	95552
78952	95580
78952	96070
78952	97343
78952	100181
78952	100697
100697	66244
100697	66281
100697	66909
100697	68946
100697	68947
100697	68948
100697	68949
100697	77284
100697	78961
100697	78962
100697	78963
100697	78964
100697	78965
100697	78966
100697	86237
100697	86238
100697	86239
100697	94560
100697	95068
100697	95551
100697	95552
100697	95580
100697	96070
100697	100181
78967	66244
78967	66281
78967	66909
78967	68946
78967	68947
78967	68948
78967	68949
78967	70633
78967	77284
78967	78968
78967	78969
78967	86237
78967	86238
78967	86239
78967	87876
78967	94560
78967	95068
78967	95551
78967	95552
78967	95580
78967	96070
78967	97357
78967	100181
78967	100697
78958	66244
78958	66281
78958	66909
78958	68742
78958	68946
78958	68947
78958	68948
78958	68949
78958	70624
78958	77284
78958	78952
78958	78953
78958	78954
78958	78955
78958	78956
78958	78957
78958	78959
78958	79607
78958	79660
78958	79699
78958	79702
78958	86237
78958	86238
78958	86239
78958	87867
78958	94560
78958	95068
78958	95551
78958	95552
78958	95580
78958	96070
78958	97349
78958	100181
78958	100697
78955	66244
78955	66281
78955	66909
78955	67691
78955	68946
78955	68947
78955	68948
78955	68949
78955	70621
78955	77284
78955	78952
78955	78953
78955	78954
78955	78956
78955	78957
78955	78958
78955	78959
78955	79011
78955	79484
78955	79978
78955	86237
78955	86238
78955	86239
78955	87864
78955	94560
78955	95068
78955	95551
78955	95552
78955	95580
78955	96070
78955	97346
78955	100181
78955	100697
100181	66244
100181	66281
100181	66909
100181	68946
100181	68947
100181	68948
100181	68949
100181	77284
100181	78967
100181	78968
100181	78969
100181	86237
100181	86238
100181	86239
100181	94560
100181	95068
100181	95551
100181	95552
100181	95580
100181	96070
100181	100697
78961	66244
78961	66281
78961	66909
78961	67757
78961	68946
78961	68947
78961	68948
78961	68949
78961	70627
78961	77284
78961	78962
78961	78963
78961	78964
78961	78965
78961	78966
78961	78983
78961	79000
78961	79038
78961	79052
78961	86237
78961	86238
78961	86239
78961	87870
78961	94560
78961	95068
78961	95551
78961	95552
78961	95580
78961	96070
78961	97351
78961	100181
78961	100697
78953	66244
78953	66281
78953	66909
78953	68164
78953	68946
78953	68947
78953	68948
78953	68949
78953	70619
78953	77284
78953	78952
78953	78954
78953	78955
78953	78956
78953	78957
78953	78958
78953	78959
78953	86237
78953	86238
78953	86239
78953	87862
78953	94560
78953	95068
78953	95551
78953	95552
78953	95580
78953	96070
78953	97344
78953	100181
78953	100697
66282	66244
66282	66280
66282	66909
66282	68946
66282	68947
66282	68948
66282	68949
66282	77284
66282	83558
66282	83560
66282	83561
66282	83562
66282	83563
66282	83564
66282	83565
66282	83566
66282	83567
66282	83568
66282	83569
66282	83571
66282	83572
66282	86237
66282	86238
66282	86239
66282	94561
66282	95069
66282	95551
66282	95552
66282	95581
66282	96069
66282	96070
66282	99667
66282	100182
66282	100698
83567	66244
83567	66282
83567	66909
83567	68499
83567	68946
83567	68947
83567	68948
83567	68949
83567	74634
83567	77284
83567	82714
83567	83024
83567	83244
83567	83306
83567	83562
83567	83563
83567	83564
83567	83565
83567	83566
83567	86237
83567	86238
83567	86239
83567	91881
83567	94561
83567	95069
83567	95551
83567	95552
83567	95581
83567	96070
83567	99667
83567	100182
83567	100698
83561	66244
83561	66282
83561	66909
83561	68946
83561	68947
83561	68948
83561	68949
83561	74628
83561	77284
83561	83558
83561	83560
83561	86237
83561	86238
83561	86239
83561	91875
83561	94561
83561	95069
83561	95551
83561	95552
83561	95581
83561	96070
83561	99667
83561	100182
83561	100698
94561	66244
94561	66282
94561	66909
94561	68946
94561	68947
94561	68948
94561	68949
94561	77284
94561	83519
94561	83520
94561	83521
94561	83522
94561	86237
94561	86238
94561	86239
94561	95069
94561	95551
94561	95552
94561	95581
94561	96070
94561	99667
94561	100182
94561	100698
83566	66244
83566	66282
83566	66909
83566	68088
83566	68946
83566	68947
83566	68948
83566	68949
83566	74633
83566	77284
83566	83562
83566	83563
83566	83564
83566	83565
83566	83567
83566	86237
83566	86238
83566	86239
83566	91880
83566	94561
83566	95069
83566	95551
83566	95552
83566	95581
83566	96070
83566	99667
83566	100182
83566	100698
95581	66244
95581	66282
95581	66909
95581	68946
95581	68947
95581	68948
95581	68949
95581	77284
95581	86237
95581	86238
95581	86239
95581	94561
95581	95069
95581	95551
95581	95552
95581	96070
95581	99667
95581	100182
95581	100698
99667	66244
99667	66282
99667	66909
99667	68946
99667	68947
99667	68948
99667	68949
99667	77284
99667	83562
99667	83563
99667	83564
99667	83565
99667	83566
99667	83567
99667	86237
99667	86238
99667	86239
99667	94561
99667	95069
99667	95551
99667	95552
99667	95581
99667	96070
99667	100182
99667	100698
83560	66244
83560	66282
83560	66909
83560	68946
83560	68947
83560	68948
83560	68949
83560	74627
83560	77284
83560	83558
83560	83561
83560	86237
83560	86238
83560	86239
83560	91874
83560	94561
83560	95069
83560	95551
83560	95552
83560	95581
83560	96070
83560	99667
83560	100182
83560	100698
95069	66244
95069	66282
95069	66909
95069	68946
95069	68947
95069	68948
95069	68949
95069	77284
95069	83549
95069	83550
95069	83551
95069	83552
95069	83553
95069	83554
95069	83555
95069	83556
95069	83557
95069	86237
95069	86238
95069	86239
95069	94561
95069	95551
95069	95552
95069	95581
95069	96070
95069	99667
95069	100182
95069	100698
83572	66244
83572	66282
83572	66909
83572	68428
83572	68946
83572	68947
83572	68948
83572	68949
83572	74639
83572	77284
83572	83267
83572	83269
83572	83333
83572	83356
83572	83568
83572	83569
83572	83571
83572	86237
83572	86238
83572	86239
83572	91886
83572	94561
83572	95069
83572	95551
83572	95552
83572	95581
83572	96070
83572	99667
83572	100182
83572	100698
83563	66244
83563	66282
83563	66909
83563	68094
83563	68946
83563	68947
83563	68948
83563	68949
83563	74630
83563	77284
83563	82918
83563	83129
83563	83303
83563	83377
83563	83562
83563	83564
83563	83565
83563	83566
83563	83567
83563	86237
83563	86238
83563	86239
83563	91877
83563	94561
83563	95069
83563	95551
83563	95552
83563	95581
83563	96070
83563	99667
83563	100182
83563	100698
100698	66244
100698	66282
100698	66909
100698	68946
100698	68947
100698	68948
100698	68949
100698	77284
100698	83568
100698	83569
100698	83571
100698	83572
100698	86237
100698	86238
100698	86239
100698	94561
100698	95069
100698	95551
100698	95552
100698	95581
100698	96070
100698	99667
100698	100182
83568	66244
83568	66282
83568	66909
83568	67549
83568	68946
83568	68947
83568	68948
83568	68949
83568	74635
83568	77284
83568	83395
83568	83456
83568	83481
83568	83489
83568	83569
83568	83571
83568	83572
83568	86237
83568	86238
83568	86239
83568	91882
83568	94561
83568	95069
83568	95551
83568	95552
83568	95581
83568	96070
83568	99667
83568	100182
83568	100698
83565	66244
83565	66282
83565	66909
83565	67736
83565	68946
83565	68947
83565	68948
83565	68949
83565	74632
83565	77284
83565	82586
83565	82879
83565	82983
83565	83476
83565	83562
83565	83563
83565	83564
83565	83566
83565	83567
83565	86237
83565	86238
83565	86239
83565	91879
83565	94561
83565	95069
83565	95551
83565	95552
83565	95581
83565	96070
83565	99667
83565	100182
83565	100698
83571	66244
83571	66282
83571	66909
83571	67333
83571	68946
83571	68947
83571	68948
83571	68949
83571	74638
83571	77284
83571	83276
83571	83338
83571	83397
83571	83457
83571	83568
83571	83569
83571	83572
83571	86237
83571	86238
83571	86239
83571	91885
83571	94561
83571	95069
83571	95551
83571	95552
83571	95581
83571	96070
83571	99667
83571	100182
83571	100698
83562	66244
83562	66282
83562	66909
83562	68053
83562	68946
83562	68947
83562	68948
83562	68949
83562	74629
83562	77284
83562	82603
83562	82864
83562	83546
83562	83563
83562	83564
83562	83565
83562	83566
83562	83567
83562	86237
83562	86238
83562	86239
83562	91876
83562	94561
83562	95069
83562	95551
83562	95552
83562	95581
83562	96070
83562	99667
83562	100182
83562	100698
83558	66244
83558	66282
83558	66909
83558	68596
83558	68946
83558	68947
83558	68948
83558	68949
83558	74625
83558	77284
83558	83486
83558	83506
83558	83523
83558	83532
83558	83560
83558	83561
83558	86237
83558	86238
83558	86239
83558	91873
83558	94561
83558	95069
83558	95551
83558	95552
83558	95581
83558	96070
83558	99667
83558	100182
83558	100698
83569	66244
83569	66282
83569	66909
83569	68413
83569	68946
83569	68947
83569	68948
83569	68949
83569	74636
83569	77284
83569	83455
83569	83480
83569	83490
83569	83491
83569	83568
83569	83571
83569	83572
83569	86237
83569	86238
83569	86239
83569	91883
83569	94561
83569	95069
83569	95551
83569	95552
83569	95581
83569	96070
83569	99667
83569	100182
83569	100698
83564	66244
83564	66282
83564	66909
83564	67920
83564	68946
83564	68947
83564	68948
83564	68949
83564	74631
83564	77284
83564	82692
83564	83203
83564	83348
83564	83562
83564	83563
83564	83565
83564	83566
83564	83567
83564	86237
83564	86238
83564	86239
83564	91878
83564	94561
83564	95069
83564	95551
83564	95552
83564	95581
83564	96070
83564	99667
83564	100182
83564	100698
100182	66244
100182	66282
100182	66909
100182	68946
100182	68947
100182	68948
100182	68949
100182	77284
100182	83558
100182	83560
100182	83561
100182	86237
100182	86238
100182	86239
100182	94561
100182	95069
100182	95551
100182	95552
100182	95581
100182	96070
100182	99667
100182	100698
66283	66244
66283	66909
66283	68946
66283	68947
66283	68948
66283	68949
66283	77284
66283	80547
66283	80548
66283	80549
66283	80550
66283	80551
66283	80552
66283	80554
66283	80555
66283	86237
66283	86238
66283	86239
66283	94562
66283	95551
66283	95552
66283	95582
66283	96069
66283	96070
66283	99668
66283	100183
66283	100699
80550	66244
80550	66283
80550	66909
80550	67484
80550	68946
80550	68947
80550	68948
80550	68949
80550	71938
80550	77284
80550	80547
80550	80548
80550	80549
80550	80551
80550	80552
80550	80554
80550	80555
80550	80556
80550	80562
80550	80624
80550	80850
80550	80871
80550	86237
80550	86238
80550	86239
80550	89181
80550	94562
80550	95551
80550	95552
80550	95582
80550	96070
80550	98500
80550	99668
80550	100183
80550	100699
94562	66244
94562	66283
94562	66909
94562	68946
94562	68947
94562	68948
94562	68949
94562	77284
94562	86237
94562	86238
94562	86239
94562	95551
94562	95552
94562	95582
94562	96070
94562	99668
94562	100183
94562	100699
80554	66244
80554	66283
80554	66909
80554	67364
80554	68946
80554	68947
80554	68948
80554	68949
80554	71941
80554	77284
80554	80547
80554	80548
80554	80549
80554	80550
80554	80551
80554	80552
80554	80555
80554	80556
80554	80896
80554	81359
80554	86237
80554	86238
80554	86239
80554	89184
80554	94562
80554	95551
80554	95552
80554	95582
80554	96070
80554	98503
80554	99668
80554	100183
80554	100699
80549	66244
80549	66283
80549	66909
80549	68593
80549	68946
80549	68947
80549	68948
80549	68949
80549	71937
80549	77284
80549	80547
80549	80548
80549	80550
80549	80551
80549	80552
80549	80554
80549	80555
80549	80556
80549	80597
80549	80682
80549	80820
80549	80927
80549	86237
80549	86238
80549	86239
80549	89180
80549	94562
80549	95551
80549	95552
80549	95582
80549	96070
80549	98499
80549	99668
80549	100183
80549	100699
80555	66244
80555	66283
80555	66909
80555	67527
80555	68946
80555	68947
80555	68948
80555	68949
80555	71942
80555	77284
80555	80547
80555	80548
80555	80549
80555	80550
80555	80551
80555	80552
80555	80554
80555	80556
80555	80561
80555	80585
80555	81019
80555	81059
80555	86237
80555	86238
80555	86239
80555	89185
80555	94562
80555	95551
80555	95552
80555	95582
80555	96070
80555	98504
80555	99668
80555	100183
80555	100699
95582	66244
95582	66283
95582	66909
95582	68946
95582	68947
95582	68948
95582	68949
95582	77284
95582	86237
95582	86238
95582	86239
95582	94562
95582	95551
95582	95552
95582	96070
95582	99668
95582	100183
95582	100699
99668	66244
99668	66283
99668	66909
99668	68946
99668	68947
99668	68948
99668	68949
99668	77284
99668	86237
99668	86238
99668	86239
99668	94562
99668	95551
99668	95552
99668	95582
99668	96070
99668	100183
99668	100699
80551	66244
80551	66283
80551	66909
80551	68394
80551	68946
80551	68947
80551	68948
80551	68949
80551	77284
80551	80547
80551	80548
80551	80549
80551	80550
80551	80552
80551	80554
80551	80555
80551	80556
80551	80560
80551	80567
80551	80759
80551	86237
80551	86238
80551	86239
80551	94562
80551	95551
80551	95552
80551	95582
80551	96070
80551	99668
80551	100183
80551	100699
80548	66244
80548	66283
80548	66909
80548	68946
80548	68947
80548	68948
80548	68949
80548	77284
80548	80547
80548	80549
80548	80550
80548	80551
80548	80552
80548	80554
80548	80555
80548	80556
80548	86237
80548	86238
80548	86239
80548	94562
80548	95551
80548	95552
80548	95582
80548	96070
80548	99668
80548	100183
80548	100699
100699	66244
100699	66283
100699	66909
100699	68946
100699	68947
100699	68948
100699	68949
100699	77284
100699	80547
100699	80548
100699	80549
100699	80550
100699	80551
100699	80552
100699	80554
100699	80555
100699	80556
100699	86237
100699	86238
100699	86239
100699	94562
100699	95551
100699	95552
100699	95582
100699	96070
100699	99668
100699	100183
100183	66244
100183	66283
100183	66909
100183	68946
100183	68947
100183	68948
100183	68949
100183	77284
100183	86237
100183	86238
100183	86239
100183	94562
100183	95551
100183	95552
100183	95582
100183	96070
100183	99668
100183	100699
80552	66244
80552	66283
80552	66909
80552	67985
80552	68946
80552	68947
80552	68948
80552	68949
80552	71939
80552	77284
80552	80547
80552	80548
80552	80549
80552	80550
80552	80551
80552	80554
80552	80555
80552	80556
80552	80569
80552	86237
80552	86238
80552	86239
80552	89182
80552	94562
80552	95551
80552	95552
80552	95582
80552	96070
80552	98501
80552	99668
80552	100183
80552	100699
80547	66244
80547	66283
80547	66909
80547	68090
80547	68946
80547	68947
80547	68948
80547	68949
80547	71936
80547	77284
80547	80548
80547	80549
80547	80550
80547	80551
80547	80552
80547	80554
80547	80555
80547	80556
80547	80558
80547	80568
80547	80596
80547	80644
80547	86237
80547	86238
80547	86239
80547	89179
80547	94562
80547	95551
80547	95552
80547	95582
80547	96070
80547	98498
80547	99668
80547	100183
80547	100699
66284	66244
66284	66281
66284	66909
66284	68946
66284	68947
66284	68948
66284	68949
66284	77284
66284	78939
66284	78940
66284	78941
66284	78942
66284	78943
66284	78944
66284	78945
66284	78946
66284	78947
66284	78948
66284	78950
66284	78951
66284	86237
66284	86238
66284	86239
66284	94563
66284	95070
66284	95551
66284	95552
66284	95583
66284	96069
66284	96070
66284	99669
66284	100184
66284	100700
78950	66244
78950	66284
78950	66909
78950	68946
78950	68947
78950	68948
78950	68949
78950	70616
78950	77284
78950	78948
78950	78951
78950	86237
78950	86238
78950	86239
78950	87859
78950	94563
78950	95070
78950	95551
78950	95552
78950	95583
78950	96070
78950	97341
78950	99669
78950	100184
78950	100700
78939	66244
78939	66284
78939	66909
78939	67580
78939	68946
78939	68947
78939	68948
78939	68949
78939	70605
78939	77284
78939	78940
78939	78941
78939	78942
78939	78943
78939	86237
78939	86238
78939	86239
78939	87848
78939	94563
78939	95070
78939	95551
78939	95552
78939	95583
78939	96070
78939	97331
78939	99669
78939	100184
78939	100700
94563	66244
94563	66284
94563	66909
94563	68946
94563	68947
94563	68948
94563	68949
94563	77284
94563	86237
94563	86238
94563	86239
94563	95070
94563	95551
94563	95552
94563	95583
94563	96070
94563	99669
94563	100184
94563	100700
78945	66244
78945	66284
78945	66909
78945	68946
78945	68947
78945	68948
78945	68949
78945	70611
78945	77284
78945	78944
78945	78946
78945	78947
78945	86237
78945	86238
78945	86239
78945	87854
78945	94563
78945	95070
78945	95551
78945	95552
78945	95583
78945	96070
78945	97337
78945	99669
78945	100184
78945	100700
78951	66244
78951	66284
78951	66909
78951	68946
78951	68947
78951	68948
78951	68949
78951	70617
78951	77284
78951	78948
78951	78950
78951	86237
78951	86238
78951	86239
78951	87860
78951	94563
78951	95070
78951	95551
78951	95552
78951	95583
78951	96070
78951	97342
78951	99669
78951	100184
78951	100700
78940	66244
78940	66284
78940	66909
78940	68742
78940	68946
78940	68947
78940	68948
78940	68949
78940	70606
78940	77284
78940	78939
78940	78941
78940	78942
78940	78943
78940	78957
78940	78958
78940	79607
78940	79660
78940	86237
78940	86238
78940	86239
78940	87849
78940	94563
78940	95070
78940	95551
78940	95552
78940	95583
78940	96070
78940	97332
78940	99669
78940	100184
78940	100700
95070	66244
95070	66284
95070	66909
95070	68946
95070	68947
95070	68948
95070	68949
95070	77284
95070	86237
95070	86238
95070	86239
95070	94563
95070	95551
95070	95552
95070	95583
95070	96070
95070	99669
95070	100184
95070	100700
78946	66244
78946	66284
78946	66909
78946	68640
78946	68946
78946	68947
78946	68948
78946	68949
78946	70612
78946	77284
78946	78944
78946	78945
78946	78947
78946	86237
78946	86238
78946	86239
78946	87855
78946	94563
78946	95070
78946	95551
78946	95552
78946	95583
78946	96070
78946	97338
78946	99669
78946	100184
78946	100700
95583	66244
95583	66284
95583	66909
95583	68946
95583	68947
95583	68948
95583	68949
95583	77284
95583	86237
95583	86238
95583	86239
95583	94563
95583	95070
95583	95551
95583	95552
95583	96070
95583	99669
95583	100184
95583	100700
99669	66244
99669	66284
99669	66909
99669	68946
99669	68947
99669	68948
99669	68949
99669	77284
99669	78939
99669	78940
99669	78941
99669	78942
99669	78943
99669	86237
99669	86238
99669	86239
99669	94563
99669	95070
99669	95551
99669	95552
99669	95583
99669	96070
99669	100184
99669	100700
78948	66244
78948	66284
78948	66909
78948	68946
78948	68947
78948	68948
78948	68949
78948	70614
78948	77284
78948	78950
78948	78951
78948	86237
78948	86238
78948	86239
78948	87857
78948	94563
78948	95070
78948	95551
78948	95552
78948	95583
78948	96070
78948	97340
78948	99669
78948	100184
78948	100700
78943	66244
78943	66284
78943	66909
78943	68415
78943	68946
78943	68947
78943	68948
78943	68949
78943	70609
78943	77284
78943	78939
78943	78940
78943	78941
78943	78942
78943	79016
78943	86237
78943	86238
78943	86239
78943	87852
78943	94563
78943	95070
78943	95551
78943	95552
78943	95583
78943	96070
78943	97335
78943	99669
78943	100184
78943	100700
78941	66244
78941	66284
78941	66909
78941	68946
78941	68947
78941	68948
78941	68949
78941	70607
78941	77284
78941	78939
78941	78940
78941	78942
78941	78943
78941	86237
78941	86238
78941	86239
78941	87850
78941	94563
78941	95070
78941	95551
78941	95552
78941	95583
78941	96070
78941	97333
78941	99669
78941	100184
78941	100700
100700	66244
100700	66284
100700	66909
100700	68946
100700	68947
100700	68948
100700	68949
100700	77284
100700	78944
100700	78945
100700	78946
100700	78947
100700	86237
100700	86238
100700	86239
100700	94563
100700	95070
100700	95551
100700	95552
100700	95583
100700	96070
100700	99669
100700	100184
78947	66244
78947	66284
78947	66909
78947	67381
78947	68946
78947	68947
78947	68948
78947	68949
78947	70613
78947	77284
78947	78944
78947	78945
78947	78946
78947	86237
78947	86238
78947	86239
78947	87856
78947	94563
78947	95070
78947	95551
78947	95552
78947	95583
78947	96070
78947	97339
78947	99669
78947	100184
78947	100700
78944	66244
78944	66284
78944	66909
78944	68550
78944	68946
78944	68947
78944	68948
78944	68949
78944	70610
78944	77284
78944	78945
78944	78946
78944	78947
78944	78963
78944	78987
78944	79001
78944	79041
78944	86237
78944	86238
78944	86239
78944	87853
78944	94563
78944	95070
78944	95551
78944	95552
78944	95583
78944	96070
78944	97336
78944	99669
78944	100184
78944	100700
100184	66244
100184	66284
100184	66909
100184	68946
100184	68947
100184	68948
100184	68949
100184	77284
100184	78948
100184	78950
100184	78951
100184	86237
100184	86238
100184	86239
100184	94563
100184	95070
100184	95551
100184	95552
100184	95583
100184	96070
100184	99669
100184	100700
78942	66244
78942	66284
78942	66909
78942	68538
78942	68946
78942	68947
78942	68948
78942	68949
78942	70608
78942	77284
78942	78939
78942	78940
78942	78941
78942	78943
78942	79757
78942	80222
78942	86237
78942	86238
78942	86239
78942	87851
78942	94563
78942	95070
78942	95551
78942	95552
78942	95583
78942	96070
78942	97334
78942	99669
78942	100184
78942	100700
66285	66244
66285	66283
66285	66909
66285	68946
66285	68947
66285	68948
66285	68949
66285	77284
66285	80527
66285	80529
66285	80530
66285	80531
66285	80532
66285	80533
66285	80534
66285	80535
66285	80536
66285	80537
66285	80538
66285	80540
66285	80541
66285	80542
66285	80543
66285	80544
66285	80545
66285	86237
66285	86238
66285	86239
66285	94564
66285	95071
66285	95551
66285	95552
66285	95584
66285	96069
66285	96070
66285	99670
66285	100185
66285	100701
80545	66244
80545	66285
80545	66909
80545	68946
80545	68947
80545	68948
80545	68949
80545	77284
80545	80542
80545	80543
80545	80544
80545	86237
80545	86238
80545	86239
80545	94564
80545	95071
80545	95551
80545	95552
80545	95584
80545	96070
80545	99670
80545	100185
80545	100701
80537	66244
80537	66285
80537	66909
80537	67469
80537	68946
80537	68947
80537	68948
80537	68949
80537	77284
80537	80538
80537	80540
80537	80541
80537	86237
80537	86238
80537	86239
80537	94564
80537	95071
80537	95551
80537	95552
80537	95584
80537	96070
80537	99670
80537	100185
80537	100701
80534	66244
80534	66285
80534	66909
80534	68946
80534	68947
80534	68948
80534	68949
80534	71930
80534	77284
80534	80527
80534	80529
80534	80530
80534	80531
80534	80532
80534	80533
80534	80535
80534	80536
80534	86237
80534	86238
80534	86239
80534	89173
80534	94564
80534	95071
80534	95551
80534	95552
80534	95584
80534	96070
80534	98493
80534	99670
80534	100185
80534	100701
80543	66244
80543	66285
80543	66909
80543	68946
80543	68947
80543	68948
80543	68949
80543	77284
80543	80542
80543	80544
80543	80545
80543	86237
80543	86238
80543	86239
80543	94564
80543	95071
80543	95551
80543	95552
80543	95584
80543	96070
80543	99670
80543	100185
80543	100701
80532	66244
80532	66285
80532	66909
80532	68375
80532	68946
80532	68947
80532	68948
80532	68949
80532	71928
80532	77284
80532	80527
80532	80529
80532	80530
80532	80531
80532	80533
80532	80534
80532	80535
80532	80536
80532	80739
80532	81076
80532	86237
80532	86238
80532	86239
80532	89171
80532	94564
80532	95071
80532	95551
80532	95552
80532	95584
80532	96070
80532	98491
80532	99670
80532	100185
80532	100701
100185	66244
100185	66285
100185	66909
100185	68946
100185	68947
100185	68948
100185	68949
100185	77284
100185	80542
100185	80543
100185	80544
100185	80545
100185	86237
100185	86238
100185	86239
100185	94564
100185	95071
100185	95551
100185	95552
100185	95584
100185	96070
100185	99670
100185	100701
80544	66244
80544	66285
80544	66909
80544	68946
80544	68947
80544	68948
80544	68949
80544	77284
80544	80542
80544	80543
80544	80545
80544	86237
80544	86238
80544	86239
80544	94564
80544	95071
80544	95551
80544	95552
80544	95584
80544	96070
80544	99670
80544	100185
80544	100701
80538	66244
80538	66285
80538	66909
80538	67364
80538	68946
80538	68947
80538	68948
80538	68949
80538	71933
80538	77284
80538	80537
80538	80540
80538	80541
80538	80554
80538	80896
80538	81359
80538	86237
80538	86238
80538	86239
80538	89176
80538	94564
80538	95071
80538	95551
80538	95552
80538	95584
80538	96070
80538	98496
80538	99670
80538	100185
80538	100701
80533	66244
80533	66285
80533	66909
80533	68563
80533	68946
80533	68947
80533	68948
80533	68949
80533	71929
80533	77284
80533	80527
80533	80529
80533	80530
80533	80531
80533	80532
80533	80534
80533	80535
80533	80536
80533	86237
80533	86238
80533	86239
80533	89172
80533	94564
80533	95071
80533	95551
80533	95552
80533	95584
80533	96070
80533	98492
80533	99670
80533	100185
80533	100701
100701	66244
100701	66285
100701	66909
100701	68946
100701	68947
100701	68948
100701	68949
100701	77284
100701	80537
100701	80538
100701	80540
100701	80541
100701	86237
100701	86238
100701	86239
100701	94564
100701	95071
100701	95551
100701	95552
100701	95584
100701	96070
100701	99670
100701	100185
80542	66244
80542	66285
80542	66909
80542	68946
80542	68947
80542	68948
80542	68949
80542	77284
80542	80543
80542	80544
80542	80545
80542	86237
80542	86238
80542	86239
80542	94564
80542	95071
80542	95551
80542	95552
80542	95584
80542	96070
80542	99670
80542	100185
80542	100701
80531	66244
80531	66285
80531	66909
80531	67790
80531	68946
80531	68947
80531	68948
80531	68949
80531	71927
80531	77284
80531	80527
80531	80529
80531	80530
80531	80532
80531	80533
80531	80534
80531	80535
80531	80536
80531	80577
80531	80812
80531	80959
80531	81072
80531	86237
80531	86238
80531	86239
80531	89170
80531	94564
80531	95071
80531	95551
80531	95552
80531	95584
80531	96070
80531	99670
80531	100185
80531	100701
80541	66244
80541	66285
80541	66909
80541	68946
80541	68947
80541	68948
80541	68949
80541	77284
80541	80537
80541	80538
80541	80540
80541	86237
80541	86238
80541	86239
80541	94564
80541	95071
80541	95551
80541	95552
80541	95584
80541	96070
80541	99670
80541	100185
80541	100701
80530	66244
80530	66285
80530	66909
80530	68042
80530	68946
80530	68947
80530	68948
80530	68949
80530	71926
80530	77284
80530	80527
80530	80529
80530	80531
80530	80532
80530	80533
80530	80534
80530	80535
80530	80536
80530	86237
80530	86238
80530	86239
80530	89169
80530	94564
80530	95071
80530	95551
80530	95552
80530	95584
80530	96070
80530	98490
80530	99670
80530	100185
80530	100701
95584	66244
95584	66285
95584	66909
95584	68946
95584	68947
95584	68948
95584	68949
95584	77284
95584	86237
95584	86238
95584	86239
95584	94564
95584	95071
95584	95551
95584	95552
95584	96070
95584	99670
95584	100185
95584	100701
99670	66244
99670	66285
99670	66909
99670	68946
99670	68947
99670	68948
99670	68949
99670	77284
99670	80527
99670	80529
99670	80530
99670	80531
99670	80532
99670	80533
99670	80534
99670	80535
99670	80536
99670	86237
99670	86238
99670	86239
99670	94564
99670	95071
99670	95551
99670	95552
99670	95584
99670	96070
99670	100185
99670	100701
80536	66244
80536	66285
80536	66909
80536	68946
80536	68947
80536	68948
80536	68949
80536	71932
80536	77284
80536	80527
80536	80529
80536	80530
80536	80531
80536	80532
80536	80533
80536	80534
80536	80535
80536	86237
80536	86238
80536	86239
80536	89175
80536	94564
80536	95071
80536	95551
80536	95552
80536	95584
80536	96070
80536	98495
80536	99670
80536	100185
80536	100701
95071	66244
95071	66285
95071	66909
95071	68946
95071	68947
95071	68948
95071	68949
95071	77284
95071	86237
95071	86238
95071	86239
95071	94564
95071	95551
95071	95552
95071	95584
95071	96070
95071	99670
95071	100185
95071	100701
80540	66244
80540	66285
80540	66909
80540	67374
80540	68946
80540	68947
80540	68948
80540	68949
80540	77284
80540	80537
80540	80538
80540	80541
80540	86237
80540	86238
80540	86239
80540	94564
80540	95071
80540	95551
80540	95552
80540	95584
80540	96070
80540	99670
80540	100185
80540	100701
80529	66244
80529	66285
80529	66909
80529	68321
80529	68946
80529	68947
80529	68948
80529	68949
80529	71925
80529	77284
80529	80527
80529	80530
80529	80531
80529	80532
80529	80533
80529	80534
80529	80535
80529	80536
80529	80788
80529	80809
80529	80868
80529	81187
80529	86237
80529	86238
80529	86239
80529	89168
80529	94564
80529	95071
80529	95551
80529	95552
80529	95584
80529	96070
80529	98489
80529	99670
80529	100185
80529	100701
80535	66244
80535	66285
80535	66909
80535	68356
80535	68946
80535	68947
80535	68948
80535	68949
80535	71931
80535	77284
80535	80527
80535	80529
80535	80530
80535	80531
80535	80532
80535	80533
80535	80534
80535	80536
80535	86237
80535	86238
80535	86239
80535	89174
80535	94564
80535	95071
80535	95551
80535	95552
80535	95584
80535	96070
80535	98494
80535	99670
80535	100185
80535	100701
80527	66244
80527	66285
80527	66909
80527	66914
80527	68946
80527	68947
80527	68948
80527	68949
80527	71923
80527	77284
80527	80529
80527	80530
80527	80531
80527	80532
80527	80533
80527	80534
80527	80535
80527	80536
80527	80765
80527	80803
80527	80846
80527	80863
80527	86237
80527	86238
80527	86239
80527	89166
80527	94564
80527	95071
80527	95551
80527	95552
80527	95584
80527	96070
80527	98488
80527	99670
80527	100185
80527	100701
94564	66244
94564	66285
94564	66909
94564	68946
94564	68947
94564	68948
94564	68949
94564	77284
94564	86237
94564	86238
94564	86239
94564	95071
94564	95551
94564	95552
94564	95584
94564	96070
94564	99670
94564	100185
94564	100701
66286	66244
66286	66284
66286	66909
66286	68946
66286	68947
66286	68948
66286	68949
66286	77284
66286	78918
66286	78919
66286	78920
66286	78921
66286	78922
66286	78923
66286	78924
66286	78925
66286	78928
66286	78931
66286	78932
66286	78933
66286	78934
66286	78935
66286	78936
66286	78937
66286	86237
66286	86238
66286	86239
66286	94565
66286	95072
66286	95551
66286	95552
66286	95585
66286	96069
66286	96070
66286	99671
66286	100186
66286	100702
78919	66244
78919	66286
78919	66909
78919	68802
78919	68946
78919	68947
78919	68948
78919	68949
78919	70585
78919	77284
78919	78918
78919	78920
78919	78921
78919	78922
78919	78923
78919	78924
78919	78925
78919	78928
78919	78929
78919	78971
78919	79379
78919	79458
78919	79553
78919	86237
78919	86238
78919	86239
78919	87828
78919	94565
78919	95072
78919	95551
78919	95552
78919	95585
78919	96070
78919	97315
78919	99671
78919	100186
78919	100702
78937	66244
78937	66286
78937	66909
78937	68946
78937	68947
78937	68948
78937	68949
78937	70603
78937	77284
78937	78934
78937	78935
78937	78936
78937	86237
78937	86238
78937	86239
78937	87846
78937	94565
78937	95072
78937	95551
78937	95552
78937	95585
78937	96070
78937	97330
78937	99671
78937	100186
78937	100702
78932	66244
78932	66286
78932	66909
78932	68523
78932	68946
78932	68947
78932	68948
78932	68949
78932	70598
78932	77284
78932	78931
78932	78933
78932	79023
78932	79091
78932	79172
78932	79190
78932	86237
78932	86238
78932	86239
78932	87841
78932	94565
78932	95072
78932	95551
78932	95552
78932	95585
78932	96070
78932	97325
78932	99671
78932	100186
78932	100702
78924	66244
78924	66286
78924	66909
78924	68164
78924	68946
78924	68947
78924	68948
78924	68949
78924	70590
78924	77284
78924	78918
78924	78919
78924	78920
78924	78921
78924	78922
78924	78923
78924	78925
78924	78928
78924	78929
78924	78953
78924	86237
78924	86238
78924	86239
78924	87833
78924	94565
78924	95072
78924	95551
78924	95552
78924	95585
78924	96070
78924	97319
78924	99671
78924	100186
78924	100702
78921	66244
78921	66286
78921	66909
78921	66910
78921	68946
78921	68947
78921	68948
78921	68949
78921	70587
78921	77284
78921	78918
78921	78919
78921	78920
78921	78922
78921	78923
78921	78924
78921	78925
78921	78928
78921	78929
78921	78998
78921	86237
78921	86238
78921	86239
78921	87830
78921	94565
78921	95072
78921	95551
78921	95552
78921	95585
78921	96070
78921	97317
78921	99671
78921	100186
78921	100702
100186	66244
100186	66286
100186	66909
100186	68946
100186	68947
100186	68948
100186	68949
100186	77284
100186	78934
100186	78935
100186	78936
100186	78937
100186	86237
100186	86238
100186	86239
100186	94565
100186	95072
100186	95551
100186	95552
100186	95585
100186	96070
100186	99671
100186	100702
78931	66244
78931	66286
78931	66909
78931	68348
78931	68946
78931	68947
78931	68948
78931	68949
78931	70597
78931	77284
78931	78932
78931	78933
78931	79039
78931	79053
78931	79348
78931	86237
78931	86238
78931	86239
78931	87840
78931	94565
78931	95072
78931	95551
78931	95552
78931	95585
78931	96070
78931	97324
78931	99671
78931	100186
78931	100702
78918	66244
78918	66286
78918	66909
78918	68361
78918	68946
78918	68947
78918	68948
78918	68949
78918	70584
78918	77284
78918	78919
78918	78920
78918	78921
78918	78922
78918	78923
78918	78924
78918	78925
78918	78928
78918	78929
78918	78990
78918	79082
78918	79085
78918	79291
78918	86237
78918	86238
78918	86239
78918	87827
78918	94565
78918	95072
78918	95551
78918	95552
78918	95585
78918	96070
78918	97314
78918	99671
78918	100186
78918	100702
100702	66244
100702	66286
100702	66909
100702	68946
100702	68947
100702	68948
100702	68949
100702	77284
100702	78931
100702	78932
100702	78933
100702	86237
100702	86238
100702	86239
100702	94565
100702	95072
100702	95551
100702	95552
100702	95585
100702	96070
100702	99671
100702	100186
78936	66244
78936	66286
78936	66909
78936	68946
78936	68947
78936	68948
78936	68949
78936	70602
78936	77284
78936	78934
78936	78935
78936	78937
78936	86237
78936	86238
78936	86239
78936	87845
78936	94565
78936	95072
78936	95551
78936	95552
78936	95585
78936	96070
78936	97329
78936	99671
78936	100186
78936	100702
78933	66244
78933	66286
78933	66909
78933	68550
78933	68946
78933	68947
78933	68948
78933	68949
78933	70599
78933	77284
78933	78931
78933	78932
78933	78944
78933	78963
78933	78987
78933	79001
78933	86237
78933	86238
78933	86239
78933	87842
78933	94565
78933	95072
78933	95551
78933	95552
78933	95585
78933	96070
78933	97326
78933	99671
78933	100186
78933	100702
78925	66244
78925	66286
78925	66909
78925	67763
78925	68946
78925	68947
78925	68948
78925	68949
78925	70591
78925	77284
78925	78918
78925	78919
78925	78920
78925	78921
78925	78922
78925	78923
78925	78924
78925	78928
78925	78929
78925	79009
78925	86237
78925	86238
78925	86239
78925	87834
78925	94565
78925	95072
78925	95551
78925	95552
78925	95585
78925	96070
78925	97320
78925	99671
78925	100186
78925	100702
78920	66244
78920	66286
78920	66909
78920	68243
78920	68946
78920	68947
78920	68948
78920	68949
78920	70586
78920	77284
78920	78918
78920	78919
78920	78921
78920	78922
78920	78923
78920	78924
78920	78925
78920	78928
78920	78929
78920	79018
78920	79029
78920	79606
78920	79647
78920	86237
78920	86238
78920	86239
78920	87829
78920	94565
78920	95072
78920	95551
78920	95552
78920	95585
78920	96070
78920	97316
78920	99671
78920	100186
78920	100702
78934	66244
78934	66286
78934	66909
78934	68946
78934	68947
78934	68948
78934	68949
78934	70600
78934	77284
78934	78935
78934	78936
78934	78937
78934	86237
78934	86238
78934	86239
78934	87843
78934	94565
78934	95072
78934	95551
78934	95552
78934	95585
78934	96070
78934	97327
78934	99671
78934	100186
78934	100702
78923	66244
78923	66286
78923	66909
78923	68192
78923	68946
78923	68947
78923	68948
78923	68949
78923	70589
78923	77284
78923	78918
78923	78919
78923	78920
78923	78921
78923	78922
78923	78924
78923	78925
78923	78928
78923	78929
78923	79073
78923	86237
78923	86238
78923	86239
78923	87832
78923	94565
78923	95072
78923	95551
78923	95552
78923	95585
78923	96070
78923	99671
78923	100186
78923	100702
95585	66244
95585	66286
95585	66909
95585	68946
95585	68947
95585	68948
95585	68949
95585	77284
95585	86237
95585	86238
95585	86239
95585	94565
95585	95072
95585	95551
95585	95552
95585	96070
95585	99671
95585	100186
95585	100702
99671	66244
99671	66286
99671	66909
99671	68946
99671	68947
99671	68948
99671	68949
99671	77284
99671	78918
99671	78919
99671	78920
99671	78921
99671	78922
99671	78923
99671	78924
99671	78925
99671	78928
99671	78929
99671	78930
99671	86237
99671	86238
99671	86239
99671	94565
99671	95072
99671	95551
99671	95552
99671	95585
99671	96070
99671	100186
99671	100702
78928	66244
78928	66286
78928	66909
78928	67874
78928	68946
78928	68947
78928	68948
78928	68949
78928	70594
78928	77284
78928	78918
78928	78919
78928	78920
78928	78921
78928	78922
78928	78923
78928	78924
78928	78925
78928	78929
78928	79020
78928	79075
78928	79076
78928	80826
78928	86237
78928	86238
78928	86239
78928	87837
78928	94565
78928	95072
78928	95551
78928	95552
78928	95585
78928	96070
78928	97321
78928	99671
78928	100186
78928	100702
95072	66244
95072	66286
95072	66909
95072	68946
95072	68947
95072	68948
95072	68949
95072	77284
95072	86237
95072	86238
95072	86239
95072	94565
95072	95551
95072	95552
95072	95585
95072	96070
95072	99671
95072	100186
95072	100702
78935	66244
78935	66286
78935	66909
78935	68946
78935	68947
78935	68948
78935	68949
78935	70601
78935	77284
78935	78934
78935	78936
78935	78937
78935	86237
78935	86238
78935	86239
78935	87844
78935	94565
78935	95072
78935	95551
78935	95552
78935	95585
78935	96070
78935	97328
78935	99671
78935	100186
78935	100702
78922	66244
78922	66286
78922	66909
78922	67654
78922	68946
78922	68947
78922	68948
78922	68949
78922	70588
78922	77284
78922	78918
78922	78919
78922	78920
78922	78921
78922	78923
78922	78924
78922	78925
78922	78928
78922	78929
78922	78994
78922	79051
78922	86237
78922	86238
78922	86239
78922	87831
78922	94565
78922	95072
78922	95551
78922	95552
78922	95585
78922	96070
78922	97318
78922	99671
78922	100186
78922	100702
94565	66244
94565	66286
94565	66909
94565	68946
94565	68947
94565	68948
94565	68949
94565	77284
94565	86237
94565	86238
94565	86239
94565	95072
94565	95551
94565	95552
94565	95585
94565	96070
94565	99671
94565	100186
94565	100702
66287	66244
66287	66285
66287	66909
66287	68946
66287	68947
66287	68948
66287	68949
66287	77284
66287	80510
66287	80511
66287	80512
66287	80513
66287	80514
66287	80515
66287	80516
66287	80518
66287	80519
66287	80520
66287	80521
66287	80522
66287	80523
66287	80524
66287	80525
66287	80526
66287	86237
66287	86238
66287	86239
66287	94566
66287	95073
66287	95551
66287	95552
66287	95586
66287	96069
66287	96070
66287	99672
66287	100187
66287	100703
80525	66244
80525	66287
80525	66909
80525	68946
80525	68947
80525	68948
80525	68949
80525	71921
80525	77284
80525	80523
80525	80524
80525	80526
80525	86237
80525	86238
80525	86239
80525	89164
80525	94566
80525	95073
80525	95551
80525	95552
80525	95586
80525	96070
80525	98486
80525	99672
80525	100187
80525	100703
80510	66244
80510	66287
80510	66909
80510	68946
80510	68947
80510	68948
80510	68949
80510	71906
80510	77284
80510	80511
80510	80512
80510	80513
80510	80514
80510	80515
80510	86237
80510	86238
80510	86239
80510	89150
80510	94566
80510	95073
80510	95551
80510	95552
80510	95586
80510	96070
80510	98472
80510	99672
80510	100187
80510	100703
80519	66244
80519	66287
80519	66909
80519	68946
80519	68947
80519	68948
80519	68949
80519	71915
80519	77284
80519	80516
80519	80518
80519	80520
80519	80521
80519	80522
80519	86237
80519	86238
80519	86239
80519	89158
80519	94566
80519	95073
80519	95551
80519	95552
80519	95586
80519	96070
80519	98480
80519	99672
80519	100187
80519	100703
80515	66244
80515	66287
80515	66909
80515	68946
80515	68947
80515	68948
80515	68949
80515	71911
80515	77284
80515	80510
80515	80511
80515	80512
80515	80513
80515	80514
80515	86237
80515	86238
80515	86239
80515	89155
80515	94566
80515	95073
80515	95551
80515	95552
80515	95586
80515	96070
80515	98477
80515	99672
80515	100187
80515	100703
80512	66244
80512	66287
80512	66909
80512	68946
80512	68947
80512	68948
80512	68949
80512	71908
80512	77284
80512	80510
80512	80511
80512	80513
80512	80514
80512	80515
80512	86237
80512	86238
80512	86239
80512	89152
80512	94566
80512	95073
80512	95551
80512	95552
80512	95586
80512	96070
80512	98474
80512	99672
80512	100187
80512	100703
100187	66244
100187	66287
100187	66909
100187	68946
100187	68947
100187	68948
100187	68949
100187	77284
100187	80523
100187	80524
100187	80525
100187	80526
100187	86237
100187	86238
100187	86239
100187	94566
100187	95073
100187	95551
100187	95552
100187	95586
100187	96070
100187	99672
100187	100703
80524	66244
80524	66287
80524	66909
80524	68946
80524	68947
80524	68948
80524	68949
80524	71920
80524	77284
80524	80523
80524	80525
80524	80526
80524	86237
80524	86238
80524	86239
80524	89163
80524	94566
80524	95073
80524	95551
80524	95552
80524	95586
80524	96070
80524	98485
80524	99672
80524	100187
80524	100703
100703	66244
100703	66287
100703	66909
100703	68946
100703	68947
100703	68948
100703	68949
100703	77284
100703	80516
100703	80518
100703	80519
100703	80520
100703	80521
100703	80522
100703	86237
100703	86238
100703	86239
100703	94566
100703	95073
100703	95551
100703	95552
100703	95586
100703	96070
100703	99672
100703	100187
80518	66244
80518	66287
80518	66909
80518	68946
80518	68947
80518	68948
80518	68949
80518	71914
80518	77284
80518	80516
80518	80519
80518	80520
80518	80521
80518	80522
80518	86237
80518	86238
80518	86239
80518	94566
80518	95073
80518	95551
80518	95552
80518	95586
80518	96070
80518	98479
80518	99672
80518	100187
80518	100703
80516	66244
80516	66287
80516	66909
80516	68946
80516	68947
80516	68948
80516	68949
80516	71912
80516	77284
80516	80518
80516	80519
80516	80520
80516	80521
80516	80522
80516	86237
80516	86238
80516	86239
80516	89156
80516	94566
80516	95073
80516	95551
80516	95552
80516	95586
80516	96070
80516	98478
80516	99672
80516	100187
80516	100703
80511	66244
80511	66287
80511	66909
80511	68946
80511	68947
80511	68948
80511	68949
80511	71907
80511	77284
80511	80510
80511	80512
80511	80513
80511	80514
80511	80515
80511	86237
80511	86238
80511	86239
80511	89151
80511	94566
80511	95073
80511	95551
80511	95552
80511	95586
80511	96070
80511	98473
80511	99672
80511	100187
80511	100703
80521	66244
80521	66287
80521	66909
80521	68946
80521	68947
80521	68948
80521	68949
80521	71917
80521	77284
80521	80516
80521	80518
80521	80519
80521	80520
80521	80522
80521	86237
80521	86238
80521	86239
80521	89160
80521	94566
80521	95073
80521	95551
80521	95552
80521	95586
80521	96070
80521	98482
80521	99672
80521	100187
80521	100703
80514	66244
80514	66287
80514	66909
80514	68946
80514	68947
80514	68948
80514	68949
80514	71910
80514	77284
80514	80510
80514	80511
80514	80512
80514	80513
80514	80515
80514	86237
80514	86238
80514	86239
80514	89154
80514	94566
80514	95073
80514	95551
80514	95552
80514	95586
80514	96070
80514	98476
80514	99672
80514	100187
80514	100703
95586	66244
95586	66287
95586	66909
95586	68946
95586	68947
95586	68948
95586	68949
95586	77284
95586	86237
95586	86238
95586	86239
95586	94566
95586	95073
95586	95551
95586	95552
95586	96070
95586	99672
95586	100187
95586	100703
99672	66244
99672	66287
99672	66909
99672	68946
99672	68947
99672	68948
99672	68949
99672	77284
99672	80510
99672	80511
99672	80512
99672	80513
99672	80514
99672	80515
99672	86237
99672	86238
99672	86239
99672	94566
99672	95073
99672	95551
99672	95552
99672	95586
99672	96070
99672	100187
99672	100703
80526	66244
80526	66287
80526	66909
80526	68946
80526	68947
80526	68948
80526	68949
80526	71922
80526	77284
80526	80523
80526	80524
80526	80525
80526	86237
80526	86238
80526	86239
80526	89165
80526	94566
80526	95073
80526	95551
80526	95552
80526	95586
80526	96070
80526	98487
80526	99672
80526	100187
80526	100703
80523	66244
80523	66287
80523	66909
80523	68946
80523	68947
80523	68948
80523	68949
80523	71919
80523	77284
80523	80524
80523	80525
80523	80526
80523	86237
80523	86238
80523	86239
80523	89162
80523	94566
80523	95073
80523	95551
80523	95552
80523	95586
80523	96070
80523	98484
80523	99672
80523	100187
80523	100703
95073	66244
95073	66287
95073	66909
95073	68946
95073	68947
95073	68948
95073	68949
95073	77284
95073	86237
95073	86238
95073	86239
95073	94566
95073	95551
95073	95552
95073	95586
95073	96070
95073	99672
95073	100187
95073	100703
80520	66244
80520	66287
80520	66909
80520	68946
80520	68947
80520	68948
80520	68949
80520	71916
80520	77284
80520	80516
80520	80518
80520	80519
80520	80521
80520	80522
80520	86237
80520	86238
80520	86239
80520	89159
80520	94566
80520	95073
80520	95551
80520	95552
80520	95586
80520	96070
80520	98481
80520	99672
80520	100187
80520	100703
80513	66244
80513	66287
80513	66909
80513	68946
80513	68947
80513	68948
80513	68949
80513	71909
80513	77284
80513	80510
80513	80511
80513	80512
80513	80514
80513	80515
80513	86237
80513	86238
80513	86239
80513	89153
80513	94566
80513	95073
80513	95551
80513	95552
80513	95586
80513	96070
80513	98475
80513	99672
80513	100187
80513	100703
80522	66244
80522	66287
80522	66909
80522	68946
80522	68947
80522	68948
80522	68949
80522	71918
80522	77284
80522	80516
80522	80518
80522	80519
80522	80520
80522	80521
80522	86237
80522	86238
80522	86239
80522	89161
80522	94566
80522	95073
80522	95551
80522	95552
80522	95586
80522	96070
80522	98483
80522	99672
80522	100187
80522	100703
94566	66244
94566	66287
94566	66909
94566	68946
94566	68947
94566	68948
94566	68949
94566	77284
94566	86237
94566	86238
94566	86239
94566	95073
94566	95551
94566	95552
94566	95586
94566	96070
94566	99672
94566	100187
94566	100703
66288	66244
66288	66280
66288	66909
66288	68946
66288	68947
66288	68948
66288	68949
66288	77284
66288	83558
66288	83560
66288	83561
66288	83562
66288	83563
66288	83564
66288	83565
66288	83566
66288	83567
66288	83568
66288	83569
66288	83571
66288	83572
66288	86237
66288	86238
66288	86239
66288	94561
66288	95069
66288	95551
66288	95552
66288	95581
66288	96069
66288	96070
66288	99667
66288	100182
66288	100698
66289	66244
66289	66287
66289	66909
66289	68946
66289	68947
66289	68948
66289	68949
66289	77284
66289	80489
66289	80490
66289	80491
66289	80492
66289	80493
66289	80494
66289	80495
66289	80497
66289	80498
66289	80499
66289	80500
66289	80501
66289	80502
66289	80503
66289	80504
66289	80505
66289	80506
66289	80507
66289	80508
66289	80509
66289	86237
66289	86238
66289	86239
66289	94568
66289	95075
66289	95551
66289	95552
66289	95588
66289	96069
66289	96070
66289	99674
66289	100705
80498	66244
80498	66289
80498	66909
80498	68090
80498	68946
80498	68947
80498	68948
80498	68949
80498	71894
80498	77284
80498	80499
80498	80500
80498	80501
80498	80502
80498	80503
80498	80504
80498	80505
80498	80547
80498	80558
80498	80568
80498	80596
80498	86237
80498	86238
80498	86239
80498	89138
80498	94568
80498	95075
80498	95551
80498	95552
80498	95588
80498	96070
80498	98460
80498	99674
80498	100705
80504	66244
80504	66289
80504	66909
80504	68585
80504	68946
80504	68947
80504	68948
80504	68949
80504	71900
80504	77284
80504	80498
80504	80499
80504	80500
80504	80501
80504	80502
80504	80503
80504	80505
80504	80719
80504	80815
80504	81015
80504	81097
80504	86237
80504	86238
80504	86239
80504	89144
80504	94568
80504	95075
80504	95551
80504	95552
80504	95588
80504	96070
80504	98466
80504	99674
80504	100705
80493	66244
80493	66289
80493	66909
80493	68319
80493	68946
80493	68947
80493	68948
80493	68949
80493	71889
80493	77284
80493	80489
80493	80490
80493	80491
80493	80492
80493	80494
80493	80495
80493	80497
80493	80786
80493	80976
80493	81032
80493	81129
80493	86237
80493	86238
80493	86239
80493	89133
80493	94568
80493	95075
80493	95551
80493	95552
80493	95588
80493	96070
80493	98456
80493	99674
80493	100705
80509	66244
80509	66289
80509	66909
80509	68946
80509	68947
80509	68948
80509	68949
80509	71905
80509	77284
80509	80506
80509	80507
80509	80508
80509	86237
80509	86238
80509	86239
80509	89149
80509	94568
80509	95075
80509	95551
80509	95552
80509	95588
80509	96070
80509	98471
80509	99674
80509	100705
80497	66244
80497	66289
80497	66909
80497	67551
80497	68946
80497	68947
80497	68948
80497	68949
80497	71893
80497	77284
80497	80489
80497	80490
80497	80491
80497	80492
80497	80493
80497	80494
80497	80495
80497	86237
80497	86238
80497	86239
80497	89137
80497	94568
80497	95075
80497	95551
80497	95552
80497	95588
80497	96070
80497	98459
80497	99674
80497	100705
100705	66244
100705	66289
100705	66909
100705	68946
100705	68947
100705	68948
100705	68949
100705	77284
100705	80498
100705	80499
100705	80500
100705	80501
100705	80502
100705	80503
100705	80504
100705	80505
100705	86237
100705	86238
100705	86239
100705	94568
100705	95075
100705	95551
100705	95552
100705	95588
100705	96070
100705	99674
80503	66244
80503	66289
80503	66909
80503	67364
80503	68946
80503	68947
80503	68948
80503	68949
80503	71899
80503	77284
80503	80498
80503	80499
80503	80500
80503	80501
80503	80502
80503	80504
80503	80505
80503	80538
80503	80554
80503	80896
80503	81359
80503	86237
80503	86238
80503	86239
80503	89143
80503	94568
80503	95075
80503	95551
80503	95552
80503	95588
80503	96070
80503	98465
80503	99674
80503	100705
80492	66244
80492	66289
80492	66909
80492	68558
80492	68946
80492	68947
80492	68948
80492	68949
80492	71888
80492	77284
80492	80489
80492	80490
80492	80491
80492	80493
80492	80494
80492	80495
80492	80497
80492	80576
80492	80805
80492	80891
80492	86237
80492	86238
80492	86239
80492	89132
80492	94568
80492	95075
80492	95551
80492	95552
80492	95588
80492	96070
80492	99674
80492	100705
80505	66244
80505	66289
80505	66909
80505	68034
80505	68946
80505	68947
80505	68948
80505	68949
80505	71901
80505	77284
80505	80498
80505	80499
80505	80500
80505	80501
80505	80502
80505	80503
80505	80504
80505	80720
80505	80727
80505	80816
80505	81016
80505	86237
80505	86238
80505	86239
80505	89145
80505	94568
80505	95075
80505	95551
80505	95552
80505	95588
80505	96070
80505	98467
80505	99674
80505	100705
80502	66244
80502	66289
80502	66909
80502	67553
80502	68946
80502	68947
80502	68948
80502	68949
80502	71898
80502	77284
80502	80498
80502	80499
80502	80500
80502	80501
80502	80503
80502	80504
80502	80505
80502	80556
80502	80565
80502	80573
80502	80599
80502	86237
80502	86238
80502	86239
80502	89142
80502	94568
80502	95075
80502	95551
80502	95552
80502	95588
80502	96070
80502	98464
80502	99674
80502	100705
80494	66244
80494	66289
80494	66909
80494	67080
80494	68946
80494	68947
80494	68948
80494	68949
80494	71890
80494	77284
80494	80489
80494	80490
80494	80491
80494	80492
80494	80493
80494	80495
80494	80497
80494	80811
80494	80914
80494	80938
80494	80967
80494	86237
80494	86238
80494	86239
80494	89134
80494	94568
80494	95075
80494	95551
80494	95552
80494	95588
80494	96070
80494	98457
80494	99674
80494	100705
80491	66244
80491	66289
80491	66909
80491	67396
80491	68946
80491	68947
80491	68948
80491	68949
80491	71887
80491	77284
80491	80489
80491	80490
80491	80492
80491	80493
80491	80494
80491	80495
80491	80497
80491	86237
80491	86238
80491	86239
80491	89131
80491	94568
80491	95075
80491	95551
80491	95552
80491	95588
80491	96070
80491	99674
80491	100705
95588	66244
95588	66289
95588	66909
95588	68946
95588	68947
95588	68948
95588	68949
95588	77284
95588	86237
95588	86238
95588	86239
95588	94568
95588	95075
95588	95551
95588	95552
95588	96070
95588	99674
95588	100705
99674	66244
99674	66289
99674	66909
99674	68946
99674	68947
99674	68948
99674	68949
99674	77284
99674	80489
99674	80490
99674	80491
99674	80492
99674	80493
99674	80494
99674	80495
99674	80497
99674	86237
99674	86238
99674	86239
99674	94568
99674	95075
99674	95551
99674	95552
99674	95588
99674	96070
99674	100705
80508	66244
80508	66289
80508	66909
80508	68946
80508	68947
80508	68948
80508	68949
80508	71904
80508	77284
80508	80506
80508	80507
80508	80509
80508	86237
80508	86238
80508	86239
80508	89148
80508	94568
80508	95075
80508	95551
80508	95552
80508	95588
80508	96070
80508	98470
80508	99674
80508	100705
80500	66244
80500	66289
80500	66909
80500	68344
80500	68946
80500	68947
80500	68948
80500	68949
80500	71896
80500	77284
80500	80498
80500	80499
80500	80501
80500	80502
80500	80503
80500	80504
80500	80505
80500	86237
80500	86238
80500	86239
80500	89140
80500	94568
80500	95075
80500	95551
80500	95552
80500	95588
80500	96070
80500	98462
80500	99674
80500	100705
80489	66244
80489	66289
80489	66909
80489	67557
80489	68946
80489	68947
80489	68948
80489	68949
80489	71885
80489	77284
80489	80490
80489	80491
80489	80492
80489	80493
80489	80494
80489	80495
80489	80497
80489	80751
80489	80932
80489	86237
80489	86238
80489	86239
80489	89129
80489	94568
80489	95075
80489	95551
80489	95552
80489	95588
80489	96070
80489	98454
80489	99674
80489	100705
95075	66244
95075	66289
95075	66909
95075	68946
95075	68947
95075	68948
95075	68949
95075	77284
95075	86237
95075	86238
95075	86239
95075	94568
95075	95551
95075	95552
95075	95588
95075	96070
95075	99674
95075	100705
80506	66244
80506	66289
80506	66909
80506	68946
80506	68947
80506	68948
80506	68949
80506	71902
80506	77284
80506	80507
80506	80508
80506	80509
80506	86237
80506	86238
80506	86239
80506	89146
80506	94568
80506	95075
80506	95551
80506	95552
80506	95588
80506	96070
80506	98468
80506	99674
80506	100705
80501	66244
80501	66289
80501	66909
80501	67527
80501	68946
80501	68947
80501	68948
80501	68949
80501	71897
80501	77284
80501	80498
80501	80499
80501	80500
80501	80502
80501	80503
80501	80504
80501	80505
80501	80555
80501	80561
80501	80585
80501	81019
80501	86237
80501	86238
80501	86239
80501	89141
80501	94568
80501	95075
80501	95551
80501	95552
80501	95588
80501	96070
80501	98463
80501	99674
80501	100705
80495	66244
80495	66289
80495	66909
80495	68622
80495	68946
80495	68947
80495	68948
80495	68949
80495	71891
80495	77284
80495	80489
80495	80490
80495	80491
80495	80492
80495	80493
80495	80494
80495	80497
80495	81058
80495	86237
80495	86238
80495	86239
80495	89135
80495	94568
80495	95075
80495	95551
80495	95552
80495	95588
80495	96070
80495	98458
80495	99674
80495	100705
80490	66244
80490	66289
80490	66909
80490	67617
80490	68946
80490	68947
80490	68948
80490	68949
80490	71886
80490	77284
80490	80489
80490	80491
80490	80492
80490	80493
80490	80494
80490	80495
80490	80497
80490	80787
80490	80866
80490	80957
80490	81010
80490	86237
80490	86238
80490	86239
80490	89130
80490	94568
80490	95075
80490	95551
80490	95552
80490	95588
80490	96070
80490	98455
80490	99674
80490	100705
80507	66244
80507	66289
80507	66909
80507	68946
80507	68947
80507	68948
80507	68949
80507	71903
80507	77284
80507	80506
80507	80508
80507	80509
80507	86237
80507	86238
80507	86239
80507	89147
80507	94568
80507	95075
80507	95551
80507	95552
80507	95588
80507	96070
80507	98469
80507	99674
80507	100705
80499	66244
80499	66289
80499	66909
80499	67484
80499	68946
80499	68947
80499	68948
80499	68949
80499	71895
80499	77284
80499	80498
80499	80500
80499	80501
80499	80502
80499	80503
80499	80504
80499	80505
80499	80550
80499	80562
80499	80624
80499	80850
80499	86237
80499	86238
80499	86239
80499	89139
80499	94568
80499	95075
80499	95551
80499	95552
80499	95588
80499	96070
80499	98461
80499	99674
80499	100705
94568	66244
94568	66289
94568	66909
94568	68946
94568	68947
94568	68948
94568	68949
94568	77284
94568	86237
94568	86238
94568	86239
94568	95075
94568	95551
94568	95552
94568	95588
94568	96070
94568	99674
94568	100705
66290	66244
66290	66276
66290	66909
66290	68946
66290	68947
66290	68948
66290	68949
66290	77284
66290	83517
66290	83518
66290	86237
66290	86238
66290	86239
66290	94557
66290	95065
66290	95551
66290	95552
66290	95577
66290	96069
66290	96070
66290	99664
66290	100178
66290	100694
66291	66244
66291	66288
66291	66909
66291	68946
66291	68947
66291	68948
66291	68949
66291	77284
66291	83573
66291	83574
66291	83575
66291	83576
66291	83577
66291	83578
66291	83579
66291	83580
66291	83582
66291	83583
66291	83584
66291	83585
66291	83586
66291	83587
66291	83588
66291	83589
66291	83590
66291	86237
66291	86238
66291	86239
66291	94569
66291	95076
66291	95551
66291	95552
66291	95589
66291	96069
66291	96070
66291	99675
66291	100189
66291	100706
83579	66244
83579	66291
83579	66909
83579	68445
83579	68946
83579	68947
83579	68948
83579	68949
83579	74646
83579	77284
83579	83327
83579	83399
83579	83454
83579	83483
83579	83576
83579	83577
83579	83578
83579	83580
83579	83582
83579	86237
83579	86238
83579	86239
83579	91893
83579	94569
83579	95076
83579	95551
83579	95552
83579	95589
83579	96070
83579	99675
83579	100189
83579	100706
83576	66244
83576	66291
83576	66909
83576	67549
83576	68669
83576	68946
83576	68947
83576	68948
83576	68949
83576	74643
83576	77284
83576	83456
83576	83481
83576	83489
83576	83568
83576	83577
83576	83578
83576	83579
83576	83580
83576	83582
83576	86237
83576	86238
83576	86239
83576	91890
83576	94569
83576	95076
83576	95551
83576	95552
83576	95589
83576	96070
83576	99675
83576	100189
83576	100706
83586	66244
83586	66291
83586	66909
83586	67122
83586	67967
83586	68946
83586	68947
83586	68948
83586	68949
83586	74653
83586	77284
83586	83500
83586	83583
83586	83584
83586	83585
83586	83587
83586	83588
83586	83589
83586	83590
83586	86237
83586	86238
83586	86239
83586	91900
83586	94569
83586	95076
83586	95551
83586	95552
83586	95589
83586	96070
83586	99675
83586	100189
83586	100706
100189	66244
100189	66291
100189	66909
100189	68946
100189	68947
100189	68948
100189	68949
100189	77284
100189	83573
100189	83574
100189	83575
100189	86237
100189	86238
100189	86239
100189	94569
100189	95076
100189	95551
100189	95552
100189	95589
100189	96070
100189	99675
100189	100706
83574	66244
83574	66291
83574	66909
83574	67835
83574	68946
83574	68947
83574	68948
83574	68949
83574	74641
83574	77284
83574	83205
83574	83273
83574	83393
83574	83507
83574	83573
83574	83575
83574	86237
83574	86238
83574	86239
83574	91888
83574	94569
83574	95076
83574	95551
83574	95552
83574	95589
83574	96070
83574	99675
83574	100189
83574	100706
83584	66244
83584	66291
83584	66909
83584	67613
83584	68017
83584	68946
83584	68947
83584	68948
83584	68949
83584	74651
83584	77284
83584	83213
83584	83281
83584	83464
83584	83475
83584	83583
83584	83585
83584	83586
83584	83587
83584	83588
83584	83589
83584	83590
83584	86237
83584	86238
83584	86239
83584	91898
83584	94569
83584	95076
83584	95551
83584	95552
83584	95589
83584	96070
83584	99675
83584	100189
83584	100706
83575	66244
83575	66291
83575	66909
83575	68946
83575	68947
83575	68948
83575	68949
83575	74642
83575	77284
83575	83573
83575	83574
83575	86237
83575	86238
83575	86239
83575	91889
83575	94569
83575	95076
83575	95551
83575	95552
83575	95589
83575	96070
83575	99675
83575	100189
83575	100706
83580	66244
83580	66291
83580	66909
83580	67263
83580	67774
83580	68946
83580	68947
83580	68948
83580	68949
83580	74647
83580	77284
83580	82227
83580	82235
83580	82257
83580	82314
83580	83576
83580	83577
83580	83578
83580	83579
83580	83582
